- position: [-0.1438017, -0.4540658, 9.536743e-07]
- position: [1.165584, -3.658721, 0]