- position: [-0.486865, 6.297588, 4.03]
- position: [-1.036671, 5.001958, 2.043]
- position: [-1.581001, 6.032743, 2.43]